eswiki:


{
	0.05:	{252663, 529286, 257259, 716768, 252665, 252634, 252607, 252632, 265090, 247704},

	0.1:	{252663, 529286, 257259, 252665, 252607, 529289, 262436, 252634, 252631, 529290},

	0.2:	{252663, 529286, 257259, 252665, 252607, 529290, 252632, 252634, 716768, 262436},

	0.3:	{529286, 252663, 257259, 252607, 252665, 252632, 529290, 252634, 529289, 716768},

	0.4:	{252663, 529286, 257259, 252665, 716768, 252607, 529290, 529289, 262436, 252634},

	0.5:	{252663, 529286, 257259, 252665, 252607, 716768, 529290, 529289, 252632, 252634},

	0.6:	{252663, 529286, 257259, 252665, 252607, 716768, 529290, 529289, 252634, 262436},

	0.7:	{252663, 529286, 257259, 252665, 252607, 716768, 529290, 529289, 262436, 252631},

	0.8:	{252663, 529286, 257259, 252665, 252607, 716768, 529289, 529290, 262436, 252634},

	0.9:	{252663, 529286, 257259, 252665, 252607, 529290, 529289, 716768, 262436, 252634},

	1: 		{25263, 529286, 257259, 252665, 252607, 529290, 529289, 716768, 252632, 252631}
}
